00000000000101010110001000000000
00110001000011100001010110100010
00000000000001110000110100000000
00000000000100110000101000000000
00110000000001100000011100010011
00000000000000010111101000000000
00000000000101111111100000000000
00010000000101110000000100010111
00000000000010100110111000000000
01000001000111110000101001000111
00000000000010011111000100000000
00000000000010110110110100000000
01000000000110110000100100001011
00000000000111100110001000000000
01000000000010010001101100011110
00000000000111000111011000000000
00010001000110100001110000100011
00010001000001010001101110111011
00000000000101100010101100000000
01000000000100100001101000010110
00000000000111010010000100000000
00000000000010010101101000000000
01000000000010110001110100001001
00000000000111111111110100000000
00000000000011011100100100000000
00100000000000000000110100011011
00100000000110110000000000010101
01000001000011000001111001101100
00000000000101010000100100000000
00000000000000000000000100000000
00110000000110100001010100000000
00100001000001010001101111101000
01000001000111010000010101000000
00000000000111111000100000000000
01000001000010110001111000000110
00000000000000110000111000000000
00000000000101100000110000000000
00110000000000100000001100010110
00000000000100111110011000000000
00110001000110110001001111111000
00010001000100100000000010101111
00000000000100001011100100000000
01000001000100010001000000010001
00000000000000110000100000000000
00000000000000010000100100000000
00110000000110010000001100000001
00000000000010110000101000000000
00000000000101110000001100000000
00110000000010010000101100010111
00010001000001000001011000111100
00000000000011110111001100000000
01000000000100100000111000001111
00100000000000110000111000011111
00000000000111010000101000000000
01000000000101010000111000011101
00010000000111110000011100001101
00000000000000011100001100000000
01000000000000010001001100000001
00000000000111011100111100000000
00000000000101001000100100000000
00000000000011100100100000000000
00010000000001110000010100010101
00010001000101000001010000111110
00100001000101110001001000011001
00010001000010100001011011110000
00010000000111110000010000000111
00000000000011010000011000000000
00000000000101100000010100000000
00110000000011000000110100010110
00000000000010010000111000000000
00000000000110100000111100000000
00110000000110100000100100011010
00000000000000000000010100000000
00000000000100000000101000000000
00110000000110110000000000010000
01000001000111100001111110101110
00010000000100110001001100001100
00010001000110000001111111111101
00010001000010100000101010010011
00100000000100010001000000010010
00000000000110011110010000000000
01000000000100110001101000011001
00010001000001010000001100010100
00100000000101110000011100010100
00000000000010000000110100000000
00000000000111100000100100000000
00110000000011000000100000011110
00000000000111000000110100000000
00000000000110010000110000000000
00110000000010100001110000011001
00010000000110000001111000000000
00100001000001000000001011100111
00000000000111101111000100000000
01000000000111110001000000011110
00000000000100011101010100000000
00110001000011010001000110101011
00000000000101110011100100000000
01000000000101000000111100010111
00000000000111000111010100000000
00010000000110000000011100011000
00000000000000111100001000000000
01000001000011110000100010110111
00000000000001110000010100000000
00000000000000010000011000000000
00110000000010010000011100000001
00010001000011000000010111011111
00000000000101110000000100000000
00000000000101100000111000000000
00110000000100000001011100010110
00010000000011000000011100011110
00100001000000000000010001001000
00000000000111011110010100000000
00000000000110010000011000000000
00000000000100110000100100000000
00110000000010110001100100010011
00010001000001000001101010111100
00000000000011101010000100000000
01000000000011110000110000001110
00100000000010000000100100001100
00100000000100110001000000001010
01000001000100010001010101011100
00000000000110110000011100000000
00000000000101000000101000000000
00110000000111110001101100010100
00000000000000101001000100000000
00100001000100000001101101000101
00100000000000100001001000001011
00000000000101010111000100000000
01000000000110110001101000010101
01000001000101010000011110010100
00100001000011100000110000000111
00010000000110110001110000000001
00000000000010000000110100000000
00000000000101110000101000000000
00110000000100010000100000010111
00000000000010010000010100000000
00000000000011100000010000000000
00110000000101110000100100001110
00000000000011101000000000000000
00110001000011110000111000010111
00100001000110010001011110010010
00000000000011100000000100000000
00110001000100000000111010010001
00010001000000110000001111111010
00010000000010010000001100000111
00000000000110100101011000000000
00100001000000110000011100101011
00000000000000100000001000000000
00000000000111100001000000000000
00110000000101100000001000011110
01110000000000000000000000000000
00000000000000000000000000000000