00000000000000010100111100000000
00000000000001111001001000000000
00100000000001100000000100000111
00000000000011011001111000000000
00010001000110000000110110100110
00000000000101110000010000000000
00000000000000110000010100000000
00110000000001010001011100000011
00000000000110100000001000000000
00000000000010111101111000000000
00100000000000000001101000001011
00000000000111010010010000000000
00000000000000111001100000000000
01000000000101110001110100000011
00000000000001000101001100000000
00000000000100000010000100000000
00010000000111100000010000010000
00000000000000100000010001001000
00000000000001110000111001000000
01100001000000110000001000000111
00000000000101101111011000000000
00000000000011100010111100000000
00010000000111100001011000001110
00000000000110110101110000000000
00000000000001010000010110111000
00000000000111010000101111010100
01100001000100000000010100011101
00100000000100000000111000000010
00000000000111001111100100000000
01000001000100100000011101001011
00000000000011000110000100000000
00000000000010010111010100000000
01000000000011110000110000001001
01000001000011110000101100001001
00000000000000000000110100000000
00110001000011110000000010110001
00010001000100110000101100001111
00000000000010000011010100000000
00110001000100100000100001000101
01010000000100001101001001011100
00000000000100011000111100000000
01000000000110100001110100010001
00010000000111100000001100011010
00000000000001111011100100000000
01000000000010100000011100000111
00010000000011000001001000011110
00000000000100100000100011010000
00000000000001110000110110111000
01100001000011100001001000000111
00000000000110111100100100000000
00000000000100101101011000000000
00010001000101110001101110001100
00000000000101000000011101100000
00000000000000110000101011010000
01100001000001110001010000000011
00100000000000100000100000001101
00100001000110000000011111001011
00100001000110110000000111010010
00010001000110100001111001000010
01010000000100010101101101101100
00000000000001001101010100000000
00010001000110100001110101111000
00000000000111110000100110001100
00000000000100100000110000000000
01100001000000000001111100010010
01010000000010011000011110010000
01010000000101100011111000110100
00010000000001010000110000000010
00000000000010000000101000000000
00000000000111110000111100000000
00110000000000000000100000011111
00000000000101000110000100000000
00000000000010100000110110101000
00000000000101010000100101011000
01010001000101100000101000010101
00000000000000100000110010100100
00000000000100110000010110111100
01100001000011110000001000010011
00000000000001001101101100000000
01000000000101100000100100000100
01000001000100000001100011101001
00000000000010110000111100000000
00000000000010100000101011010100
01010001000100000000101100001010
00000000000101000110110000000000
01000000000101110000110100010100
00000000000001100000100001111100
00000000000000110000100011100000
01100001000111110000011000000011
00000000000101010100101100000000
01000000000101000001010000010101
00000000000001000000110100110000
00000000000000110000010110101100
01100001000110000000010000000011
00000000000100010010111100000000
01000000000010110000000000010001
00100001000110010000100101111001
00000000000110110101000000000000
00000000000100010000010011001000
00000000000110100000110011011100
01010001000101110001000100011010
00000000000011000000001100000000
00000000000110010000000100000000
00110000000010000000110000011001
00010000000011000001111100011111
00100001000001110000110000111111
00000000000001000000101000000000
00000000000101110000111100000000
00110000000100010000010000010111
00000000000001000000011100000000
00000000000110111100110100000000
00110001000101110001101110100100
00000000000001000000010010100100
00000000000110000000110111111100
01100001000101100000010000011000
00000000000100100000000100000000
00000000000010010001000000000000
00110000000100100001001000001001
00000000000011111000111000000000
01000000000110000000000100001111
00000000000001010000100011111000
00000000000010100000110011111000
01100001000011010000010100001010
00010001000000110000010000100100
00000000000000001011001100000000
01000000000000000001000100000000
00000000000001000000001000000000
00000000000000100000011100000000
00110000000110000000010000000010
00010001000011000001110000110101
01010000000001011110010001001000
00000000000000010000011000100100
00000000000000100000101101110100
01010001000100010000000100000010
00100000000011110000111100000010
00000000000101010111001000000000
00110001000100010001010110100010
01100000000110001110101100001100
00000000000110110110010100000000
01000001000100100000101111100110
00100000000100010001011000000101
00000000000011000000110000110100
00000000000001000000110011001100
01010001000101100000110000000100
00000000000011100000010100011000
00000000000100010000110101010000
01100001000000100000111000010001
00000000000000010000001111111000
00000000000100010000101111101100
01100000000100011110101100001100
01110000000000000000000000000000
00000000000000000000000000000000