00000000000101010110001000000000
00100001000011100001010110100010
00000000000001111100110000000000
00100001000001100000011110111011
00000000000101110000110000000000
00000000000000010111101000000000
00100000000001110001011100000001
00000000000111111010110100000000
00010001000100100001111110111111
00000000000110111111011100000000
00100001000110100001101111101011
00000000000110010111101100000000
00010001000001100000000100111010
00000000000000010001100000000000
00100000000110110001111100011011
00000000000101100101110000000000
00000000000100011010011000000000
00100000000110100001011000010001
00000000000000111011010100000000
00010000000010010001011000000011
00000000000111000010001100000000
00000000000111010100000000000000
00100001000000100001110100000011
00000000000001010101111100000000
00100000000110110000010100001001
00100001000011010001101101011110
00010000000011000000100100011010
00000000000010000001101000000000
00100001000111010000100001111101
00000000000110100011110100000000
00000000000000000011111000000000
00100000000100100000000000000101
00010001000010000001011110111110
00000000000010100101001100000000
00010001000001100000101001100011
00000000000010111100110100000000
00100001000111010000101101111011
00000000000110001110101100000000
00100001000110000001100001110010
00100001000011110000010111110000
00100000000100010000110000010110
00000000000000011100100000000000
00010000000010010000101100010111
00000000000001000000101000000000
00010000000000100000000000000100
00010000000011100001001000001110
00000000000101001110011000000000
00010000000111100001010000000011
00100001000110100001010101111101
00100000000001010000010000011111
00000000000010101101001100000000
00010000000000010001011100010111
00000000000001011011010000000000
00010000000000000000100100000101
00100001000110010000100011100111
00010001000101010000110100110100
00010000000101100001111000010010
00010000000100110001100100001001
00000000000100000110011100000000
00100001000111010001000001111111
00010000000111110000110100001100
00100001000001010001010110101101
00100000000010010001101000000011
00100001000110010001101101110000
00100000000101000000100100010111
00010001000101000000111001010011
00010001000011000001001000111000
00100001000101100001110111101010
00010000000011100001001100000100
00000000000100100011001100000000
00000000000110010001000000000000
00100000000000110000010000010100
00100001000001110001010011100111
00010000000010000001111000001010
00100000000101000000101000011100
00100000000011000000101100000101
00010001000000000001001001100100
00010000000010110000011100000111
00010001000111100000011001001000
00010001000100010001000011111011
00010001000101000000111100010000
00010000000100110001110000010100
00010000000100100001100000000111
00010000000010010000001100000100
00000000000101001101100000000000
00000000000101011110000100000000
00000000000101000110110000000000
00010000000111000001111100000001
00100001000101100000001100011101
00010001000011000000011110010000
00100000000000000000010000000110
00100001000111010001110111100101
00100001000010110001100101011111
00010001000110000001101111011010
00010001000111000001000000101100
00000000000010101010100000000000
00100000000011000000100000001101
00100001000010100001000001110001
00100000000011000001110000001111
00010000000101000001100000010110
00010001000000100001010110010001
00010000000100000001101100011001
00010000000000100001001000001011
00000000000110110010100100000000
00010001000010110001010101011010
00010001000000100000111010111001
00010001000111100001101101000001
00000000000111011001011100000000
00000000000011001011011100000000
00010001000011100001001111000011
00000000000011110001011100000000
00010001000001010001100101110010
00010001000111100001000011011011
00100000000110110001100000000011
00010000000110100000111100001001
00100001000100100001000111110110
00010000000101100000011000000011
00010001000010110000110010100010
00010001000010010000000111010111
00100000000000000001001000010100
00010001000001000001110101101101
00100000000011000001111100010001
00010001000001100001110001101001
00000000000110010000111100000000
00010001000011100001100001111101
00100001000101000001110100001000
00100001000101110000110000011100
00010000000111110000100000011001
00010000000011110001011000001010
00010000000011010000010000010100
00100000000010110000101000001100
00010001000110110001011101111101
00000000000001101100010000000000
00010000000001010000001100011000
00100001000001100000110110110000
00100000000010100001110100011100
00100000000100000000100100000100
00010001000010110001011111010000
00100000000000100001011000001000
00100001000110000001010011010000
00100000000100100001011000000000
00010000000110000000011100000011
00000000000111010010000100000000
00010000000110100000110000011000
00010001000011010001111111110101
00100000000011100000111000000010
00000000000101001001010000000000
00010000000110110000110100000011
00000000000010001111011000000000
00000000000010001010000000000000
01110000000000000000000000000000
00000000000000000000000000000000