00000000000010000110101100000000
00000000000110110101001100000000
00100000000000010000100000011011
00000000000011011010000000000000
01000001000010010000110100011110
00000000000110100011111100000000
00000000000101001010000000000000
01000000000100010001101000010100
00000000000001110000111101110100
00000000000001110000101011001100
01010001000011000000011100000111
00000000000100010000111100000000
00000000000011010000111000000000
00110000000101100001000100001101
00000000000110100100010000000000
00110001000110000001101010110011
01100000000110000010001010010100
00000000000110011111010100000000
00000000000001011010110000000000
00010000000110100001100100000101
01010000000101111000000010010000
00000000000111010011100000000000
00100001000001100001110101111111
00000000000001110000110000011100
00000000000001110000101001010000
01010001000100100000011100000111
00000000000011010000101011000100
00000000000101000000011010101100
01010001000110110000110100010100
00000000000010000100100000000000
00110001000110110000100001100111
00000000000001100000011100001000
00000000000001000000101101111100
01010001000111010000011000000100
00000000000000000010001100000000
00110001000010000000000000110101
00000000000111100101111100000000
00100000000000000000110100011110
00000000000001011110110000000000
01100000000001100010001010010100
00000000000011101111011100000000
01010000000000110011010000001100
00000000000101100000101001011100
00000000000101110000111100111000
01100001000110100001011000010111
00000000000000100001010000000000
01000001000010000000001010010010
00100001000001010000100100011000
01000001000000100000010110100110
00000000000010111110001000000000
01000001000110100000101110000110
00000000000110101011011100000000
00110001000100100001101001101001
00000000000010010000010010101000
00000000000000110000111010111000
01010001000001010000100100000011
00000000000000001110011000000000
00110001000100100000000001001111
00000000000100010101101000000000
00000000000011010000010101010000
00000000000101010000101101010000
01100001000101000000110100010101
00000000000000001011110000000000
00010001000010010001001010110110
00010001000100110001111011010010
00100001000100100001010110110100
00000000000001101101111100000000
00000000000100001010100100000000
00100001000100100001000000010101
00000000000110100111101000000000
00110001000101010001101001010010
00010000000001000001001100011101
00000000000111000001101000000000
00010000000110110001110000011001
00010000000100110000001000010101
00000000000110000110011000000000
00110001000001010001100011010111
00100001000011010000100010000010
00000000000001010000101100000000
00100000000000100000100000000101
01010000000000010001001011101100
00000000000000110010101000000000
00110001000000010000001101011010
00000000000101100001101100000000
01000000000000100001001100010110
00000000000000000000011100000000
00000000000001110000001000000000
00110000000100100000000000000111
01100000000001110010001010010100
00000000000111101110000000000000
00000000000001110001111100000000
00110001000100100000011111110111
00100000000111100001010000001110
00100001000101010000001101101100
00010001000000000001010111111010
00000000000110000101011100000000
00110001000011110001100000001100
00100001000110010001110000011001
01000001000000000000000010011001
00000000000101100110011100000000
01000000000001000000111000010110
00010000000101110001000100011000
01000001000011100001011100100101
01100000000001001010011000100100
00000000000100100100110000000000
00000000000110100101000000000000
00110001000110010001101000001100
00000000000011000010000000000000
00110001000000110000110010000100
00000000000010100000011010111100
00000000000111000000110111010100
01100001000110110000101000011100
00000000000111110100000000000000
00010001000101100001111110101000
01000001000110110000100110100111
00100001000100010000000100011101
00000000000010001001001100000000
01000000000010100000000100001000
00000000000100000000100000000000
01000000000010010000000000010000
01010000000000100011100011000100
00000000000001110001000000000000
00000000000110110000001100000000
00110000000110010000011100011011
00010000000100000000001100010011
00000000000011110000111000110100
00000000000010000000100000110100
01010001000111010000111100001000
01010000000111111001100010000000
00010001000110100001100111110101
00000000000110000110110000000000
00110001000110100001100001101010
01010000000110000011001100110100
00000000000011110110000000000000
01000000000100010000111000001111
01000001000011100000111101111100
00000000000011111010000100000000
00110001000100000000111111101001
00000000000001000000111111001100
00000000000100000000010000001100
01100001000001000000010000010000
00000000000110100000011100000000
00000000000000100000110000000000
00110000000111100001101000000010
01000001000001100000111000010000
00000000000101000101000100000000
00110001000010110001010010100011
00010001000000010000100111100011
00000000000101000001000000000000
00000000000110110001101000000000
01110000000000000000000000000000
00000000000000000000000000000000